% Intrinsic and Extrinsic Camera Parameters
% For details regarding the calibration parameters visit http://www.vision.caltech.edu/bouguetj/calib_doc/


%-- Focal length:
fc = [ 662411.070862; 6624.995786 ];

%-- Principal point:
cc = [ 1008.853968; 1132.158299 ];
%-- Skew coefficient:
alpha_c = -0.000109;

%-- Distortion coefficients:
kc = [-0.159685; 0.037437; -0.000708; -0.000551; 0.000000];


% Extrinsic parameters:

n_ima = 8;
%-- Image #0:
omc_0 = [ 1.733601 ; 1.424360 ; -0.841129 ];
Tc_0 = [ -474.015700 ; -131.411200 ; 2930.417000 ];

%-- 3x4 projection matrix
proj_0 = [ 295.987 6649.16 -772.732 -183456; 2410.08 -661.301 -6239.11 2.4471e+06; -0.843767 0.128734 -0.521041 2930.42];


%-- Image #1:
omc_1 = [ 2.052421 ; 0.626754 ; -0.399734 ];
Tc_1 = [ -536.141500 ; 87.427520 ; 2572.695000 ];

%-- 3x4 projection matrix
proj_1 = [ 4903.69 4501.63 -765.011 -956029; 1250.22 -2169.19 -6237.3 3.4919e+06; -0.506097 0.686734 -0.521787 2572.7];


%-- Image #2:
omc_2 = [ 2.111129 ; -0.200316 ; 0.064742 ];
Tc_2 = [ -286.383000 ; 256.488300 ; 2277.595000 ];

%-- 3x4 projection matrix
proj_2 = [ 6652.63 -268.954 -752.481 400555; -632.467 -2422.38 -6237.34 4.27783e+06; 0.126711 0.84351 -0.521953 2277.59];


%-- Image #3:
omc_3 = [ 1.914826 ; -1.011710 ; 0.525984 ];
Tc_3 = [ 130.184400 ; 277.823500 ; 2217.634000 ];

%-- 3x4 projection matrix
proj_3 = [ 4522.17 -4888.5 -740.712 3.09942e+06; -2149.95 -1276.22 -6238.7 4.35129e+06; 0.685991 0.507253 -0.521643 2217.63];


%-- Image #4:
omc_4 = [ 1.458231 ; -1.758038 ; 0.957363 ];
Tc_4 = [ 470.791500 ; 138.116400 ; 2425.371000 ];

%-- 3x4 projection matrix
proj_4 = [ -256.56 -6655.5 -731.145 5.5653e+06; -2411.44 608 -6244.01 3.66092e+06; 0.844718 -0.127028 -0.519919 2425.37];


%-- Image #5:
omc_5 = [ 0.734633 ; -2.373307 ; 1.322051 ];
Tc_5 = [ 535.595800 ; -80.532210 ; 2777.853000 ];

%-- 3x4 projection matrix
proj_5 = [ -4878.99 -4533.23 -735.79 6.35033e+06; -1261.5 2121.49 -6251.42 2.61144e+06; 0.509881 -0.687361 -0.517259 2777.85];


%-- Image #6:
omc_6 = [ 0.248566 ; 2.682383 ; -1.518397 ];
Tc_6 = [ 287.694300 ; -250.632800 ; 3072.129000 ];

%-- 3x4 projection matrix
proj_6 = [ -6653.25 228.098 -760.454 5.00522e+06; 625.43 2387.42 -6251.51 1.8177e+06; -0.121606 -0.847379 -0.516877 3072.13];


%-- Image #7:
omc_7 = [ 1.129375 ; 2.144979 ; -1.234745 ];
Tc_7 = [ -128.167600 ; -272.912300 ; 3138.935000 ];

%-- 3x4 projection matrix
proj_7 = [ -4550.96 4856.39 -774.826 2.31793e+06; 2145.47 1248.23 -6245.9 1.74573e+06; -0.682677 -0.514751 -0.518636 3138.93];


