% Intrinsic and Extrinsic Camera Parameters
% For details regarding the calibration parameters visit http://www.vision.caltech.edu/bouguetj/calib_doc/


%-- Focal length:
fc = [ 6611.032072; 6610.967963 ];

%-- Principal point:
cc = [ 964.687952; 983.651464 ];
%-- Skew coefficient:
alpha_c = 0.000166;

%-- Distortion coefficients:
kc = [-0.175989; 0.298818; -0.000545; 0.000033; 0.000000];


% Extrinsic parameters:

n_ima = 8;
%-- Image #8:
omc_8 = [ 1.411769 ; 1.779961 ; -1.032585 ];
Tc_8 = [ -330.591200 ; -190.959100 ; 3255.490000 ];

%-- 3x4 projection matrix
proj_8 = [ -2293.26 6261.17 -418.36 954773; 2314.1 583.138 -6243.18 1.93984e+06; -0.850415 -0.190181 -0.490535 3255.49];


%-- Image #9:
omc_9 = [ 1.871406 ; 1.043121 ; -0.596495 ];
Tc_9 = [ -549.829200 ; -16.504150 ; 2938.564000 ];

%-- 3x4 projection matrix
proj_9 = [ 2799.3 6052.32 -411.916 -800159; 2063.39 -1220.98 -6238.92 2.78141e+06; -0.735333 0.466006 -0.49206 2938.56];


%-- Image #10:
omc_10 = [ 2.074168 ; 0.244318 ; -0.127171 ];
Tc_10 = [ -451.015000 ; 185.579900 ; 2580.374000 ];

%-- 3x4 projection matrix
proj_10 = [ 6254.78 2313.23 -403.743 -492215; 609.732 -2323.89 -6237 3.76505e+06; -0.191508 0.848856 -0.492716 2580.37];


%-- Image #11:
omc_11 = [ 2.027013 ; -0.569585 ; 0.349167 ];
Tc_11 = [ -91.937410 ; 297.811000 ; 2392.262000 ];

%-- 3x4 projection matrix
proj_11 = [ 6064.55 -2775.54 -392.306 1.70031e+06; -1199.89 -2084.87 -6235.87 4.32197e+06; 0.463987 0.735934 -0.493069 2392.26];


%-- Image #12:
omc_12 = [ 1.725617 ; -1.355346 ; 0.807820 ];
Tc_12 = [ 318.820300 ; 254.410600 ; 2481.840000 ];

%-- 3x4 projection matrix
proj_12 = [ 2329.31 -6250.44 -377.677 4.50221e+06; -2312.47 -637.797 -6238.44 4.12317e+06; 0.849162 0.191844 -0.492057 2481.84];


%-- Image #13:
omc_13 = [ 1.158968 ; -2.057718 ; 1.216552 ];
Tc_13 = [ 540.406900 ; 80.604580 ; 2794.867000 ];

%-- 3x4 projection matrix
proj_13 = [ -2766.05 -6070.21 -371.301 6.26891e+06; -2073.26 1169.24 -6245.56 3.28205e+06; 0.737646 -0.465112 -0.489437 2794.87];


%-- Image #14:
omc_14 = [ 0.314706 ; -2.601307 ; 1.530239 ];
Tc_14 = [ 443.841800 ; -121.830100 ; 3149.136000 ];

%-- 3x4 projection matrix
proj_14 = [ -6242.28 -2349.47 -387.734 5.97205e+06; -622.62 2279.07 -6252.25 2.29224e+06; 0.196039 -0.85107 -0.487081 3149.14];


%-- Image #15:
omc_15 = [ 0.669002 ; 2.399005 ; -1.403034 ];
Tc_15 = [ 86.289230 ; -234.842800 ; 3342.220000 ];

%-- 3x4 projection matrix
proj_15 = [ -6081.23 2736.11 -410.789 3.7944e+06; 1187.03 2049.37 -6250.08 1.73504e+06; -0.459552 -0.74208 -0.487985 3342.22];


